94 -11
95 -11
96 -11
97 -11
98 -11
99 -11
100 -11
101 -11
102 -11
103 -11
104 -11
105 -11
106 -11
107 -11
108 -11
109 -11
110 -11
111 -11
112 -11
113 -11
114 -11
115 -11
116 -11
117 -11
118 -11
119 -11
120 -11
121 -11
122 -11
123 -11
124 -11
125 -11
126 -11
127 -11
128 -11
129 -11
130 -11
131 -11
132 -11
133 -11
134 -11
135 -11
136 -11
137 -11
138 -11
139 -11
140 -11
141 -11
94 -10
95 -10
96 -10
97 -10
98 -10
99 -10
100 -10
101 -10
102 -10
103 -10
104 -10
105 -10
106 -10
107 -10
108 -10
109 -10
110 -10
111 -10
112 -10
113 -10
114 -10
115 -10
116 -10
117 -10
118 -10
119 -10
120 -10
121 -10
122 -10
123 -10
124 -10
125 -10
126 -10
127 -10
128 -10
129 -10
130 -10
131 -10
132 -10
133 -10
134 -10
135 -10
136 -10
137 -10
138 -10
139 -10
140 -10
141 -10
94 -9
95 -9
96 -9
97 -9
98 -9
99 -9
100 -9
101 -9
102 -9
103 -9
104 -9
105 -9
106 -9
107 -9
108 -9
109 -9
110 -9
111 -9
112 -9
113 -9
114 -9
115 -9
116 -9
117 -9
118 -9
119 -9
120 -9
121 -9
122 -9
123 -9
124 -9
125 -9
126 -9
127 -9
128 -9
129 -9
130 -9
131 -9
132 -9
133 -9
134 -9
135 -9
136 -9
137 -9
138 -9
139 -9
140 -9
141 -9
94 -8
95 -8
96 -8
97 -8
98 -8
99 -8
100 -8
101 -8
102 -8
103 -8
104 -8
105 -8
106 -8
107 -8
108 -8
109 -8
110 -8
111 -8
112 -8
113 -8
114 -8
115 -8
116 -8
117 -8
118 -8
119 -8
120 -8
121 -8
122 -8
123 -8
124 -8
125 -8
126 -8
127 -8
128 -8
129 -8
130 -8
131 -8
132 -8
133 -8
134 -8
135 -8
136 -8
137 -8
138 -8
139 -8
140 -8
141 -8
94 -7
95 -7
96 -7
97 -7
98 -7
99 -7
100 -7
101 -7
102 -7
103 -7
104 -7
105 -7
106 -7
107 -7
108 -7
109 -7
110 -7
111 -7
112 -7
113 -7
114 -7
115 -7
116 -7
117 -7
118 -7
119 -7
120 -7
121 -7
122 -7
123 -7
124 -7
125 -7
126 -7
127 -7
128 -7
129 -7
130 -7
131 -7
132 -7
133 -7
134 -7
135 -7
136 -7
137 -7
138 -7
139 -7
140 -7
141 -7
94 -6
95 -6
96 -6
97 -6
98 -6
99 -6
100 -6
101 -6
102 -6
103 -6
104 -6
105 -6
106 -6
107 -6
108 -6
109 -6
110 -6
111 -6
112 -6
113 -6
114 -6
115 -6
116 -6
117 -6
118 -6
119 -6
120 -6
121 -6
122 -6
123 -6
124 -6
125 -6
126 -6
127 -6
128 -6
129 -6
130 -6
131 -6
132 -6
133 -6
134 -6
135 -6
136 -6
137 -6
138 -6
139 -6
140 -6
141 -6
94 -5
95 -5
96 -5
97 -5
98 -5
99 -5
100 -5
101 -5
102 -5
103 -5
104 -5
105 -5
106 -5
107 -5
108 -5
109 -5
110 -5
111 -5
112 -5
113 -5
114 -5
115 -5
116 -5
117 -5
118 -5
119 -5
120 -5
121 -5
122 -5
123 -5
124 -5
125 -5
126 -5
127 -5
128 -5
129 -5
130 -5
131 -5
132 -5
133 -5
134 -5
135 -5
136 -5
137 -5
138 -5
139 -5
140 -5
141 -5
94 -4
95 -4
96 -4
97 -4
98 -4
99 -4
100 -4
101 -4
102 -4
103 -4
104 -4
105 -4
106 -4
107 -4
108 -4
109 -4
110 -4
111 -4
112 -4
113 -4
114 -4
115 -4
116 -4
117 -4
118 -4
119 -4
120 -4
121 -4
122 -4
123 -4
124 -4
125 -4
126 -4
127 -4
128 -4
129 -4
130 -4
131 -4
132 -4
133 -4
134 -4
135 -4
136 -4
137 -4
138 -4
139 -4
140 -4
141 -4
94 -3
95 -3
96 -3
97 -3
98 -3
99 -3
100 -3
101 -3
102 -3
103 -3
104 -3
105 -3
106 -3
107 -3
108 -3
109 -3
110 -3
111 -3
112 -3
113 -3
114 -3
115 -3
116 -3
117 -3
118 -3
119 -3
120 -3
121 -3
122 -3
123 -3
124 -3
125 -3
126 -3
127 -3
128 -3
129 -3
130 -3
131 -3
132 -3
133 -3
134 -3
135 -3
136 -3
137 -3
138 -3
139 -3
140 -3
141 -3
94 -2
95 -2
96 -2
97 -2
98 -2
99 -2
100 -2
101 -2
102 -2
103 -2
104 -2
105 -2
106 -2
107 -2
108 -2
109 -2
110 -2
111 -2
112 -2
113 -2
114 -2
115 -2
116 -2
117 -2
118 -2
119 -2
120 -2
121 -2
122 -2
123 -2
124 -2
125 -2
126 -2
127 -2
128 -2
129 -2
130 -2
131 -2
132 -2
133 -2
134 -2
135 -2
136 -2
137 -2
138 -2
139 -2
140 -2
141 -2
94 -1
95 -1
96 -1
97 -1
98 -1
99 -1
100 -1
101 -1
102 -1
103 -1
104 -1
105 -1
106 -1
107 -1
108 -1
109 -1
110 -1
111 -1
112 -1
113 -1
114 -1
115 -1
116 -1
117 -1
118 -1
119 -1
120 -1
121 -1
122 -1
123 -1
124 -1
125 -1
126 -1
127 -1
128 -1
129 -1
130 -1
131 -1
132 -1
133 -1
134 -1
135 -1
136 -1
137 -1
138 -1
139 -1
140 -1
141 -1
94 0
95 0
96 0
97 0
98 0
99 0
100 0
101 0
102 0
103 0
104 0
105 0
106 0
107 0
108 0
109 0
110 0
111 0
112 0
113 0
114 0
115 0
116 0
117 0
118 0
119 0
120 0
121 0
122 0
123 0
124 0
125 0
126 0
127 0
128 0
129 0
130 0
131 0
132 0
133 0
134 0
135 0
136 0
137 0
138 0
139 0
140 0
141 0
94 1
95 1
96 1
97 1
98 1
99 1
100 1
101 1
102 1
103 1
104 1
105 1
106 1
107 1
108 1
109 1
110 1
111 1
112 1
113 1
114 1
115 1
116 1
117 1
118 1
119 1
120 1
121 1
122 1
123 1
124 1
125 1
126 1
127 1
128 1
129 1
130 1
131 1
132 1
133 1
134 1
135 1
136 1
137 1
138 1
139 1
140 1
141 1
94 2
95 2
96 2
97 2
98 2
99 2
100 2
101 2
102 2
103 2
104 2
105 2
106 2
107 2
108 2
109 2
110 2
111 2
112 2
113 2
114 2
115 2
116 2
117 2
118 2
119 2
120 2
121 2
122 2
123 2
124 2
125 2
126 2
127 2
128 2
129 2
130 2
131 2
132 2
133 2
134 2
135 2
136 2
137 2
138 2
139 2
140 2
141 2
94 3
95 3
96 3
97 3
98 3
99 3
100 3
101 3
102 3
103 3
104 3
105 3
106 3
107 3
108 3
109 3
110 3
111 3
112 3
113 3
114 3
115 3
116 3
117 3
118 3
119 3
120 3
121 3
122 3
123 3
124 3
125 3
126 3
127 3
128 3
129 3
130 3
131 3
132 3
133 3
134 3
135 3
136 3
137 3
138 3
139 3
140 3
141 3
94 4
95 4
96 4
97 4
98 4
99 4
100 4
101 4
102 4
103 4
104 4
105 4
106 4
107 4
108 4
109 4
110 4
111 4
112 4
113 4
114 4
115 4
116 4
117 4
118 4
119 4
120 4
121 4
122 4
123 4
124 4
125 4
126 4
127 4
128 4
129 4
130 4
131 4
132 4
133 4
134 4
135 4
136 4
137 4
138 4
139 4
140 4
141 4
94 5
95 5
96 5
97 5
98 5
99 5
100 5
101 5
102 5
103 5
104 5
105 5
106 5
107 5
108 5
109 5
110 5
111 5
112 5
113 5
114 5
115 5
116 5
117 5
118 5
119 5
120 5
121 5
122 5
123 5
124 5
125 5
126 5
127 5
128 5
129 5
130 5
131 5
132 5
133 5
134 5
135 5
136 5
137 5
138 5
139 5
140 5
141 5
94 6
95 6
96 6
97 6
98 6
99 6
100 6
101 6
102 6
103 6
104 6
105 6
106 6
107 6
108 6
109 6
110 6
111 6
112 6
113 6
114 6
115 6
116 6
117 6
118 6
119 6
120 6
121 6
122 6
123 6
124 6
125 6
126 6
127 6
128 6
129 6
130 6
131 6
132 6
133 6
134 6
135 6
136 6
137 6
138 6
139 6
140 6
141 6
94 7
95 7
96 7
97 7
98 7
99 7
100 7
101 7
102 7
103 7
104 7
105 7
106 7
107 7
108 7
109 7
110 7
111 7
112 7
113 7
114 7
115 7
116 7
117 7
118 7
119 7
120 7
121 7
122 7
123 7
124 7
125 7
126 7
127 7
128 7
129 7
130 7
131 7
132 7
133 7
134 7
135 7
136 7
137 7
138 7
139 7
140 7
141 7
94 8
95 8
96 8
97 8
98 8
99 8
100 8
101 8
102 8
103 8
104 8
105 8
106 8
107 8
108 8
109 8
110 8
111 8
112 8
113 8
114 8
115 8
116 8
117 8
118 8
119 8
120 8
121 8
122 8
123 8
124 8
125 8
126 8
127 8
128 8
129 8
130 8
131 8
132 8
133 8
134 8
135 8
136 8
137 8
138 8
139 8
140 8
141 8
94 9
95 9
96 9
97 9
98 9
99 9
100 9
101 9
102 9
103 9
104 9
105 9
106 9
107 9
108 9
109 9
110 9
111 9
112 9
113 9
114 9
115 9
116 9
117 9
118 9
119 9
120 9
121 9
122 9
123 9
124 9
125 9
126 9
127 9
128 9
129 9
130 9
131 9
132 9
133 9
134 9
135 9
136 9
137 9
138 9
139 9
140 9
141 9
94 10
95 10
96 10
97 10
98 10
99 10
100 10
101 10
102 10
103 10
104 10
105 10
106 10
107 10
108 10
109 10
110 10
111 10
112 10
113 10
114 10
115 10
116 10
117 10
118 10
119 10
120 10
121 10
122 10
123 10
124 10
125 10
126 10
127 10
128 10
129 10
130 10
131 10
132 10
133 10
134 10
135 10
136 10
137 10
138 10
139 10
140 10
141 10
94 11
95 11
96 11
97 11
98 11
99 11
100 11
101 11
102 11
103 11
104 11
105 11
106 11
107 11
108 11
109 11
110 11
111 11
112 11
113 11
114 11
115 11
116 11
117 11
118 11
119 11
120 11
121 11
122 11
123 11
124 11
125 11
126 11
127 11
128 11
129 11
130 11
131 11
132 11
133 11
134 11
135 11
136 11
137 11
138 11
139 11
140 11
141 11
94 12
95 12
96 12
97 12
98 12
99 12
100 12
101 12
102 12
103 12
104 12
105 12
106 12
107 12
108 12
109 12
110 12
111 12
112 12
113 12
114 12
115 12
116 12
117 12
118 12
119 12
120 12
121 12
122 12
123 12
124 12
125 12
126 12
127 12
128 12
129 12
130 12
131 12
132 12
133 12
134 12
135 12
136 12
137 12
138 12
139 12
140 12
141 12
94 13
95 13
96 13
97 13
98 13
99 13
100 13
101 13
102 13
103 13
104 13
105 13
106 13
107 13
108 13
109 13
110 13
111 13
112 13
113 13
114 13
115 13
116 13
117 13
118 13
119 13
120 13
121 13
122 13
123 13
124 13
125 13
126 13
127 13
128 13
129 13
130 13
131 13
132 13
133 13
134 13
135 13
136 13
137 13
138 13
139 13
140 13
141 13
94 14
95 14
96 14
97 14
98 14
99 14
100 14
101 14
102 14
103 14
104 14
105 14
106 14
107 14
108 14
109 14
110 14
111 14
112 14
113 14
114 14
115 14
116 14
117 14
118 14
119 14
120 14
121 14
122 14
123 14
124 14
125 14
126 14
127 14
128 14
129 14
130 14
131 14
132 14
133 14
134 14
135 14
136 14
137 14
138 14
139 14
140 14
141 14
94 15
95 15
96 15
97 15
98 15
99 15
100 15
101 15
102 15
103 15
104 15
105 15
106 15
107 15
108 15
109 15
110 15
111 15
112 15
113 15
114 15
115 15
116 15
117 15
118 15
119 15
120 15
121 15
122 15
123 15
124 15
125 15
126 15
127 15
128 15
129 15
130 15
131 15
132 15
133 15
134 15
135 15
136 15
137 15
138 15
139 15
140 15
141 15
94 16
95 16
96 16
97 16
98 16
99 16
100 16
101 16
102 16
103 16
104 16
105 16
106 16
107 16
108 16
109 16
110 16
111 16
112 16
113 16
114 16
115 16
116 16
117 16
118 16
119 16
120 16
121 16
122 16
123 16
124 16
125 16
126 16
127 16
128 16
129 16
130 16
131 16
132 16
133 16
134 16
135 16
136 16
137 16
138 16
139 16
140 16
141 16
94 17
95 17
96 17
97 17
98 17
99 17
100 17
101 17
102 17
103 17
104 17
105 17
106 17
107 17
108 17
109 17
110 17
111 17
112 17
113 17
114 17
115 17
116 17
117 17
118 17
119 17
120 17
121 17
122 17
123 17
124 17
125 17
126 17
127 17
128 17
129 17
130 17
131 17
132 17
133 17
134 17
135 17
136 17
137 17
138 17
139 17
140 17
141 17
94 18
95 18
96 18
97 18
98 18
99 18
100 18
101 18
102 18
103 18
104 18
105 18
106 18
107 18
108 18
109 18
110 18
111 18
112 18
113 18
114 18
115 18
116 18
117 18
118 18
119 18
120 18
121 18
122 18
123 18
124 18
125 18
126 18
127 18
128 18
129 18
130 18
131 18
132 18
133 18
134 18
135 18
136 18
137 18
138 18
139 18
140 18
141 18
94 19
95 19
96 19
97 19
98 19
99 19
100 19
101 19
102 19
103 19
104 19
105 19
106 19
107 19
108 19
109 19
110 19
111 19
112 19
113 19
114 19
115 19
116 19
117 19
118 19
119 19
120 19
121 19
122 19
123 19
124 19
125 19
126 19
127 19
128 19
129 19
130 19
131 19
132 19
133 19
134 19
135 19
136 19
137 19
138 19
139 19
140 19
141 19
94 20
95 20
96 20
97 20
98 20
99 20
100 20
101 20
102 20
103 20
104 20
105 20
106 20
107 20
108 20
109 20
110 20
111 20
112 20
113 20
114 20
115 20
116 20
117 20
118 20
119 20
120 20
121 20
122 20
123 20
124 20
125 20
126 20
127 20
128 20
129 20
130 20
131 20
132 20
133 20
134 20
135 20
136 20
137 20
138 20
139 20
140 20
141 20
94 21
95 21
96 21
97 21
98 21
99 21
100 21
101 21
102 21
103 21
104 21
105 21
106 21
107 21
108 21
109 21
110 21
111 21
112 21
113 21
114 21
115 21
116 21
117 21
118 21
119 21
120 21
121 21
122 21
123 21
124 21
125 21
126 21
127 21
128 21
129 21
130 21
131 21
132 21
133 21
134 21
135 21
136 21
137 21
138 21
139 21
140 21
141 21
94 22
95 22
96 22
97 22
98 22
99 22
100 22
101 22
102 22
103 22
104 22
105 22
106 22
107 22
108 22
109 22
110 22
111 22
112 22
113 22
114 22
115 22
116 22
117 22
118 22
119 22
120 22
121 22
122 22
123 22
124 22
125 22
126 22
127 22
128 22
129 22
130 22
131 22
132 22
133 22
134 22
135 22
136 22
137 22
138 22
139 22
140 22
141 22
94 23
95 23
96 23
97 23
98 23
99 23
100 23
101 23
102 23
103 23
104 23
105 23
106 23
107 23
108 23
109 23
110 23
111 23
112 23
113 23
114 23
115 23
116 23
117 23
118 23
119 23
120 23
121 23
122 23
123 23
124 23
125 23
126 23
127 23
128 23
129 23
130 23
131 23
132 23
133 23
134 23
135 23
136 23
137 23
138 23
139 23
140 23
141 23
