142 -13
143 -13
130 -14
133 -14
135 -14
143 -14
129 -15
130 -15
143 -15
144 -15
127 -16
128 -16
129 -16
130 -16
131 -16
144 -16
145 -16
123 -17
124 -17
126 -17
127 -17
128 -17
129 -17
135 -17
144 -17
145 -17
125 -18
126 -18
127 -18
128 -18
137 -18
144 -18
145 -18
126 -19
138 -19
143 -19
144 -19
145 -19
146 -19
143 -20
144 -20
145 -20
146 -20
147 -20
139 -21
143 -21
144 -21
145 -21
146 -21
147 -21
148 -21
117 -22
118 -22
148 -22
149 -22
116 -23
117 -23
118 -23
149 -23
150 -23
117 -24
118 -24
119 -24
131 -24
132 -24
133 -24
134 -24
135 -24
147 -24
148 -24
149 -24
150 -24
117 -25
131 -25
132 -25
134 -25
148 -25
149 -25
150 -25
151 -25
148 -26
149 -26
151 -26
152 -26
130 -27
131 -27
132 -27
151 -27
152 -27
151 -28
152 -28
153 -28
151 -29
152 -29
153 -29
150 -30
151 -30
152 -30
138 -31
139 -31
149 -31
150 -31
151 -31
152 -31
153 -31
116 -32
137 -32
138 -32
148 -32
149 -32
150 -32
151 -32
152 -32
115 -33
116 -33
137 -33
138 -33
148 -33
149 -33
150 -33
151 -33
152 -33
115 -34
116 -34
138 -34
139 -34
148 -34
149 -34
150 -34
151 -34
138 -35
139 -35
147 -35
148 -35
149 -35
150 -35
138 -36
147 -36
148 -36
149 -36
150 -36
145 -37
146 -37
147 -37
148 -37
149 -37
143 -38
144 -38
145 -38
146 -38
147 -38
148 -38
149 -38
143 -39
145 -39
146 -39
145 -41
145 -42
146 -42
147 -42
148 -42
145 -43
146 -43
147 -43
148 -43
146 -44
147 -44
