98 1
99 1
100 1
101 1
102 1
103 1
104 1
106 1
107 1
108 1
109 1
110 1
111 1
112 1
113 1
114 1
115 1
116 1
117 1
118 1
119 1
120 1
98 2
99 2
100 2
101 2
102 2
103 2
104 2
105 2
106 2
107 2
108 2
109 2
111 2
112 2
113 2
114 2
115 2
116 2
117 2
118 2
98 3
99 3
100 3
101 3
102 3
103 3
105 3
106 3
107 3
108 3
112 3
113 3
114 3
115 3
116 3
117 3
98 4
100 4
101 4
102 4
103 4
107 4
108 4
113 4
114 4
115 4
116 4
117 4
118 4
119 4
100 5
101 5
102 5
103 5
114 5
115 5
116 5
117 5
118 5
119 5
120 5
99 6
100 6
101 6
102 6
115 6
116 6
117 6
118 6
120 6
98 7
99 7
100 7
113 7
116 7
117 7
118 7
98 8
99 8
100 8
104 8
105 8
106 8
111 8
116 8
117 8
118 8